000000000000000000000000000000
000000000000000000000000000000
000000000000000000000000000000
000000000000111111000000000000
000000000011111111110000000000
000000001111111111111100000000
000000011110000000011110000000
000000111000000000000111000000
000001110000011110000011100000
000001100001111111100001100000
000011100011111111110001110000
000011000111000000111000110000
000111000110000000011000111000
000111001110001100011100111000
000111001110011110011100111000
000111001110011110011100111000
000111001110001100011100111000
000111000110000000011000111000
000011000111000000111000110000
000011100011111111110001110000
000001100001111111100001100000
000001110000011110000011100000
000000111000000000000111000000
000000011110000000011110000000
000000001111111111111100000000
000000000011111111110000000000
000000000000111111000000000000
000000000000000000000000000000
000000000000000000000000000000
000000000000000000000000000000
