111111111111111111111111111111
111111111100000000001111111111
111111000000000000000111111111
111111000001100001000000111111
111100001111100001111100011111
111100001111100001111100011111
111000001110000000111100000111
110000001110000000011100000111
110011000000000000000000100111
110011000000000000000001100011
100011110001111111000011100001
100111110011111111110011111001
100111110011111111110011111001
100111110011111111110011111001
100111110011111111110011111001
100111000011111111110000111001
100111000011111111110000111001
100000000001111111000000000001
100000000000000000000000000001
100000000000000000000000000001
100000001110011100111100000001
100000001110011110111100000001
111000111110011110111111000111
111000111111011110111111000111
111100111111111111111111011111
111100011111111111111100011111
111100001111111111111100011111
111111000000000000000000111111
111111000000000000000000111111
111111111111111111111111111111