0.000100,1.000000
0.002000,1.000000
0.004000,1.000000
0.006000,1.000000
0.008000,1.000000
0.010000,1.000000
0.012000,1.000000
0.014000,1.000000
0.016000,0.995483
0.018000,0.998028
0.020000,0.994083
0.022000,0.986193
0.024000,0.985049
0.026000,0.982249
0.028000,0.971498
0.030000,0.948914
0.032000,0.944141
0.034000,0.934023
0.036000,0.916783
0.038000,0.888026
0.040000,0.853607
0.042000,0.838340
0.044000,0.785793
0.046000,0.709894
0.048000,0.770330
0.050000,0.662180
0.052000,0.564012
0.054000,0.543144
0.056000,0.584308
0.058000,0.432510
0.060000,0.157550
0.062000,0.033561
0.064000,0.018670
0.066000,0.176642
0.068000,-0.137826
0.070000,-0.094133
0.072000,-0.094057
0.074000,0.014289
0.076000,0.144888
0.078000,-0.032733
0.080000,0.013009
0.082000,-0.013009
0.084000,0.007152
0.086000,0.003403
0.088000,0.065811
0.090000,-0.036677
0.092000,-0.006068
0.094000,0.023127
0.096000,-0.055061
0.098000,0.009636

0.000100,1.000000
0.002000,1.000000
0.004000,1.000000
0.006000,1.000000
0.008000,1.000000
0.010000,1.000000
0.012000,1.000000
0.014000,1.000000
0.016000,0.995483
0.018000,0.998028
0.020000,0.994083
0.022000,0.986193
0.024000,0.985049
0.026000,0.982249
0.028000,0.971498
0.030000,0.948914
0.032000,0.944141
0.034000,0.934023
0.036000,0.916783
0.038000,0.888026
0.040000,0.853607
0.042000,0.838340
0.044000,0.785793
0.046000,0.709894
0.048000,0.770330
0.050000,0.662180
0.052000,0.564012
0.054000,0.543144
0.056000,0.584308
0.058000,0.432510
0.060000,0.157550
0.062000,0.033561
0.064000,0.018670
0.066000,0.176642
0.068000,-0.137826
0.070000,-0.094133
0.072000,-0.094057
0.074000,0.014289
0.076000,0.144888
0.078000,-0.032733
0.080000,0.013009
0.082000,-0.013009
0.084000,0.007152
0.086000,0.003403
0.088000,0.065811
0.090000,-0.036677
0.092000,-0.006068
0.094000,0.023127
0.096000,-0.055061
0.098000,0.009636

0.000100,1.000000
0.002000,1.000000
0.004000,1.000000
0.006000,1.000000
0.008000,1.000000
0.010000,1.000000
0.012000,1.000000
0.014000,1.000000
0.016000,0.995483
0.018000,0.998028
0.020000,0.994083
0.022000,0.986193
0.024000,0.985049
0.026000,0.982249
0.028000,0.971498
0.030000,0.948914
0.032000,0.944141
0.034000,0.934023
0.036000,0.916783
0.038000,0.888026
0.040000,0.853607
0.042000,0.838340
0.044000,0.785793
0.046000,0.709894
0.048000,0.770330
0.050000,0.662180
0.052000,0.564012
0.054000,0.543144
0.056000,0.584308
0.058000,0.432510
0.060000,0.157550
0.062000,0.033561
0.064000,0.018670
0.066000,0.176642
0.068000,-0.137826
0.070000,-0.094133
0.072000,-0.094057
0.074000,0.014289
0.076000,0.144888
0.078000,-0.032733
0.080000,0.013009
0.082000,-0.013009
0.084000,0.007152
0.086000,0.003403
0.088000,0.065811
0.090000,-0.036677
0.092000,-0.006068
0.094000,0.023127
0.096000,-0.055061
0.098000,0.009636

0.000100,1.000000
0.002000,1.000000
0.004000,1.000000
0.006000,1.000000
0.008000,1.000000
0.010000,1.000000
0.012000,1.000000
0.014000,1.000000
0.016000,0.995483
0.018000,0.998028
0.020000,0.994083
0.022000,0.986193
0.024000,0.985049
0.026000,0.982249
0.028000,0.971498
0.030000,0.948914
0.032000,0.944141
0.034000,0.934023
0.036000,0.916783
0.038000,0.888026
0.040000,0.853607
0.042000,0.838340
0.044000,0.785793
0.046000,0.709894
0.048000,0.770330
0.050000,0.662180
0.052000,0.564012
0.054000,0.543144
0.056000,0.584308
0.058000,0.432510
0.060000,0.157550
0.062000,0.033561
0.064000,0.018670
0.066000,0.176642
0.068000,-0.137826
0.070000,-0.094133
0.072000,-0.094057
0.074000,0.014289
0.076000,0.144888
0.078000,-0.032733
0.080000,0.013009
0.082000,-0.013009
0.084000,0.007152
0.086000,0.003403
0.088000,0.065811
0.090000,-0.036677
0.092000,-0.006068
0.094000,0.023127
0.096000,-0.055061
0.098000,0.009636

