 0,0.793999
 1,0.925501
 2,0.968126
 3,0.988994
 4,0.991538
 5,0.995483
 6,0.997455
 7,1.000000
 8,1.000000
 9,1.000000
 10,1.000000
 11,1.000000
 12,1.000000
 13,1.000000
 14,1.000000
 15,1.000000
 16,1.000000
 17,1.000000
 18,1.000000
 19,1.000000
 20,1.000000
 21,1.000000
 22,1.000000
 23,1.000000
 24,1.000000
 25,1.000000
 26,1.000000
 27,1.000000
 28,1.000000
 29,1.000000
 30,1.000000
 31,1.000000
 32,1.000000
 33,1.000000
 34,1.000000
 35,1.000000
 36,1.000000
 37,1.000000
 38,1.000000
 39,1.000000
 40,1.000000
 41,1.000000
 42,1.000000
 43,1.000000
 44,1.000000
 45,1.000000
 46,1.000000
 47,1.000000
 48,1.000000
 49,1.000000
 50,1.000000

 0,0.583164
 1,0.838023
 2,0.928618
 3,0.979388
 4,0.984477
 5,0.992939
 6,0.997455
 7,1.000000
 8,1.000000
 9,1.000000
 10,1.000000
 11,1.000000
 12,1.000000
 13,1.000000
 14,1.000000
 15,1.000000
 16,1.000000
 17,1.000000
 18,1.000000
 19,1.000000
 20,1.000000
 21,1.000000
 22,1.000000
 23,1.000000
 24,1.000000
 25,1.000000
 26,1.000000
 27,1.000000
 28,1.000000
 29,1.000000
 30,1.000000
 31,1.000000
 32,1.000000
 33,1.000000
 34,1.000000
 35,1.000000
 36,1.000000
 37,1.000000
 38,1.000000
 39,1.000000
 40,1.000000
 41,1.000000
 42,1.000000
 43,1.000000
 44,1.000000
 45,1.000000
 46,1.000000
 47,1.000000
 48,1.000000
 49,1.000000
 50,1.000000

 0,0.398543
 1,0.761236
 2,0.889938
 3,0.961320
 4,0.981932
 5,0.992939
 6,0.997455
 7,1.000000
 8,1.000000
 9,1.000000
 10,1.000000
 11,1.000000
 12,1.000000
 13,1.000000
 14,1.000000
 15,1.000000
 16,1.000000
 17,1.000000
 18,1.000000
 19,1.000000
 20,1.000000
 21,1.000000
 22,1.000000
 23,1.000000
 24,1.000000
 25,1.000000
 26,1.000000
 27,1.000000
 28,1.000000
 29,1.000000
 30,1.000000
 31,1.000000
 32,1.000000
 33,1.000000
 34,1.000000
 35,1.000000
 36,1.000000
 37,1.000000
 38,1.000000
 39,1.000000
 40,1.000000
 41,1.000000
 42,1.000000
 43,1.000000
 44,1.000000
 45,1.000000
 46,1.000000
 47,1.000000
 48,1.000000
 49,1.000000
 50,1.000000

 0,0.192481
 1,0.699143
 2,0.862008
 3,0.952858
 4,0.977988
 5,0.990966
 6,0.995483
 7,1.000000
 8,1.000000
 9,1.000000
 10,1.000000
 11,1.000000
 12,1.000000
 13,1.000000
 14,1.000000
 15,1.000000
 16,1.000000
 17,1.000000
 18,1.000000
 19,1.000000
 20,1.000000
 21,1.000000
 22,1.000000
 23,1.000000
 24,1.000000
 25,1.000000
 26,1.000000
 27,1.000000
 28,1.000000
 29,1.000000
 30,1.000000
 31,1.000000
 32,1.000000
 33,1.000000
 34,1.000000
 35,1.000000
 36,1.000000
 37,1.000000
 38,1.000000
 39,1.000000
 40,1.000000
 41,1.000000
 42,1.000000
 43,1.000000
 44,1.000000
 45,1.000000
 46,1.000000
 47,1.000000
 48,1.000000
 49,1.000000
 50,1.000000

