 0.000100,0.000000
 0.002000,0.000000
 0.004000,0.000000
 0.006000,0.000000
 0.008000,0.000000
 0.010000,0.000000
 0.012000,0.000000
 0.014000,0.000000
 0.016000,0.002222
 0.018000,0.000000
 0.020000,0.000000
 0.022000,0.000000
 0.024000,-0.002222
 0.026000,0.000000
 0.028000,0.004444
 0.030000,-0.006667
 0.032000,-0.004444
 0.034000,0.008889
 0.036000,0.006667
 0.038000,0.000000
 0.040000,-0.015556
 0.042000,-0.017778
 0.044000,-0.026667
 0.046000,-0.031111
 0.048000,-0.024444
 0.050000,-0.035556
 0.052000,-0.033333
 0.054000,-0.035556
 0.056000,-0.031111
 0.058000,-0.017778
 0.060000,-0.008889
 0.062000,0.000000
 0.064000,0.017778
 0.066000,0.028889
 0.068000,0.622222
 0.070000,0.920000
 0.072000,0.002222
 0.074000,0.911111
 0.076000,0.897778
 0.078000,0.888889
 0.080000,0.884444
 0.082000,0.866667
 0.084000,0.857778
 0.086000,0.846667
 0.088000,0.831111
 0.090000,0.762222
 0.092000,0.788889
 0.094000,0.791111
 0.096000,0.773333
 0.098000,0.755556
 0.100000,0.740000
 0.102000,0.726667
 0.104000,0.691111
 0.106000,0.675556
 0.108000,-0.213333
 0.110000,-0.602222
 0.112000,0.533333
 0.114000,0.477778
 0.116000,-0.491111
 0.118000,-0.404444
 0.120000,0.371111
 0.122000,-0.364444
 0.124000,-0.071111
 0.126000,-0.240000
 0.128000,0.255556
 0.130000,0.015556
 0.132000,-0.117778
 0.134000,-0.002222
 0.136000,0.124444
 0.138000,0.064444
 0.140000,-0.037778
 0.142000,0.068889
 0.144000,0.106667
 0.146000,-0.035556
 0.148000,0.006667
 0.150000,0.053333
 0.152000,0.117778
 0.154000,0.106667
 0.156000,0.111111
 0.158000,0.051111
 0.160000,0.088889
 0.162000,-0.022222
 0.164000,-0.002222
 0.166000,0.164444
 0.168000,-0.020000
 0.170000,0.008889
 0.172000,-0.017778
 0.174000,-0.011111
 0.176000,-0.033333
 0.178000,0.077778
 0.180000,0.040000
 0.182000,0.020000
 0.184000,0.024444
 0.186000,0.033333
 0.188000,0.024444
 0.190000,-0.031111
 0.192000,-0.028889
 0.194000,0.040000
 0.196000,0.037778
 0.198000,0.062222
 0.200000,0.088889

 0.000100,0.000000
 0.002000,0.000000
 0.004000,0.000000
 0.006000,0.000000
 0.008000,0.000000
 0.010000,0.000000
 0.012000,0.000000
 0.014000,0.000000
 0.016000,-0.002222
 0.018000,0.000000
 0.020000,0.000000
 0.022000,0.000000
 0.024000,0.002222
 0.026000,0.000000
 0.028000,-0.004444
 0.030000,0.006667
 0.032000,0.004444
 0.034000,-0.008889
 0.036000,-0.006667
 0.038000,0.000000
 0.040000,0.015556
 0.042000,0.017778
 0.044000,0.026667
 0.046000,0.031111
 0.048000,0.024444
 0.050000,0.035556
 0.052000,0.033333
 0.054000,0.035556
 0.056000,0.031111
 0.058000,0.017778
 0.060000,0.008889
 0.062000,0.000000
 0.064000,-0.017778
 0.066000,-0.028889
 0.068000,-0.622222
 0.070000,-0.920000
 0.072000,-0.002222
 0.074000,-0.911111
 0.076000,-0.897778
 0.078000,-0.888889
 0.080000,-0.884444
 0.082000,-0.866667
 0.084000,-0.857778
 0.086000,-0.846667
 0.088000,-0.831111
 0.090000,-0.762222
 0.092000,-0.788889
 0.094000,-0.791111
 0.096000,-0.773333
 0.098000,-0.755556
 0.100000,-0.740000
 0.102000,-0.726667
 0.104000,-0.691111
 0.106000,-0.675556
 0.108000,0.213333
 0.110000,0.602222
 0.112000,-0.533333
 0.114000,-0.477778
 0.116000,0.491111
 0.118000,0.404444
 0.120000,-0.371111
 0.122000,0.364444
 0.124000,0.071111
 0.126000,0.240000
 0.128000,-0.255556
 0.130000,-0.015556
 0.132000,0.117778
 0.134000,0.002222
 0.136000,-0.124444
 0.138000,-0.064444
 0.140000,0.037778
 0.142000,-0.068889
 0.144000,-0.106667
 0.146000,0.035556
 0.148000,-0.006667
 0.150000,-0.053333
 0.152000,-0.117778
 0.154000,-0.106667
 0.156000,-0.111111
 0.158000,-0.051111
 0.160000,-0.088889
 0.162000,0.022222
 0.164000,0.002222
 0.166000,-0.164444
 0.168000,0.020000
 0.170000,-0.008889
 0.172000,0.017778
 0.174000,0.011111
 0.176000,0.033333
 0.178000,-0.077778
 0.180000,-0.040000
 0.182000,-0.020000
 0.184000,-0.024444
 0.186000,-0.033333
 0.188000,-0.024444
 0.190000,0.031111
 0.192000,0.028889
 0.194000,-0.040000
 0.196000,-0.037778
 0.198000,-0.062222
 0.200000,-0.088889

 0.000100,-1.000000
 0.002000,-1.000000
 0.004000,-1.000000
 0.006000,-1.000000
 0.008000,-1.000000
 0.010000,-1.000000
 0.012000,-1.000000
 0.014000,-1.000000
 0.016000,-0.998428
 0.018000,-0.996855
 0.020000,-0.996855
 0.022000,-0.996855
 0.024000,-0.995283
 0.026000,-0.993711
 0.028000,-0.990566
 0.030000,-0.976415
 0.032000,-0.971698
 0.034000,-0.962264
 0.036000,-0.957547
 0.038000,-0.949686
 0.040000,-0.938679
 0.042000,-0.930818
 0.044000,-0.921384
 0.046000,-0.911950
 0.048000,-0.900943
 0.050000,-0.889937
 0.052000,-0.879860
 0.054000,-0.863493
 0.056000,-0.858133
 0.058000,-0.832619
 0.060000,-0.824114
 0.062000,-0.817824
 0.064000,-0.799886
 0.066000,-0.778159
 0.068000,-0.289451
 0.070000,-0.008505
 0.072000,-0.733776
 0.074000,-0.006289
 0.076000,-0.002216
 0.078000,0.000929
 0.080000,-0.001286
 0.082000,0.014794
 0.084000,0.017939
 0.086000,0.016366
 0.088000,0.017939
 0.090000,0.024300
 0.092000,0.039094
 0.094000,0.037521
 0.096000,0.035306
 0.098000,0.046026
 0.100000,0.052959
 0.102000,0.038165
 0.104000,0.043525
 0.106000,0.047313
 0.108000,-0.156732
 0.110000,-0.088622
 0.112000,0.143796
 0.114000,0.189180
 0.116000,-0.163308
 0.118000,-0.157090
 0.120000,0.178459
 0.122000,-0.184463
 0.124000,-0.066538
 0.126000,-0.141581
 0.128000,0.101201
 0.130000,-0.151658
 0.132000,-0.014508
 0.134000,-0.033019
 0.136000,0.073185
 0.138000,-0.057033
 0.140000,0.023370
 0.142000,-0.033734
 0.144000,-0.003859
 0.146000,-0.002216
 0.148000,0.078116
 0.150000,0.050457
 0.152000,-0.071255
 0.154000,-0.014794
 0.156000,-0.116066
 0.158000,-0.033734
 0.160000,-0.039737
 0.162000,-0.005360
 0.164000,0.006933
 0.166000,-0.013651
 0.168000,0.019868
 0.170000,0.041738
 0.172000,-0.023656
 0.174000,0.052601
 0.176000,-0.033376
 0.178000,0.060177
 0.180000,0.104631
 0.182000,-0.033162
 0.184000,-0.074543
 0.186000,-0.037593
 0.188000,-0.057176
 0.190000,0.020726
 0.192000,0.024871
 0.194000,-0.021798
 0.196000,-0.050172
 0.198000,-0.014222
 0.200000,-0.015509

 0.000100,1.000000
 0.002000,1.000000
 0.004000,1.000000
 0.006000,1.000000
 0.008000,1.000000
 0.010000,1.000000
 0.012000,1.000000
 0.014000,1.000000
 0.016000,0.998428
 0.018000,0.996855
 0.020000,0.996855
 0.022000,0.996855
 0.024000,0.995283
 0.026000,0.993711
 0.028000,0.990566
 0.030000,0.976415
 0.032000,0.971698
 0.034000,0.962264
 0.036000,0.957547
 0.038000,0.949686
 0.040000,0.938679
 0.042000,0.930818
 0.044000,0.921384
 0.046000,0.911950
 0.048000,0.900943
 0.050000,0.889937
 0.052000,0.879860
 0.054000,0.863493
 0.056000,0.858133
 0.058000,0.832619
 0.060000,0.824114
 0.062000,0.817824
 0.064000,0.799886
 0.066000,0.778159
 0.068000,0.289451
 0.070000,0.008505
 0.072000,0.733776
 0.074000,0.006289
 0.076000,0.002216
 0.078000,-0.000929
 0.080000,0.001286
 0.082000,-0.014794
 0.084000,-0.017939
 0.086000,-0.016366
 0.088000,-0.017939
 0.090000,-0.024300
 0.092000,-0.039094
 0.094000,-0.037521
 0.096000,-0.035306
 0.098000,-0.046026
 0.100000,-0.052959
 0.102000,-0.038165
 0.104000,-0.043525
 0.106000,-0.047313
 0.108000,0.156732
 0.110000,0.088622
 0.112000,-0.143796
 0.114000,-0.189180
 0.116000,0.163308
 0.118000,0.157090
 0.120000,-0.178459
 0.122000,0.184463
 0.124000,0.066538
 0.126000,0.141581
 0.128000,-0.101201
 0.130000,0.151658
 0.132000,0.014508
 0.134000,0.033019
 0.136000,-0.073185
 0.138000,0.057033
 0.140000,-0.023370
 0.142000,0.033734
 0.144000,0.003859
 0.146000,0.002216
 0.148000,-0.078116
 0.150000,-0.050457
 0.152000,0.071255
 0.154000,0.014794
 0.156000,0.116066
 0.158000,0.033734
 0.160000,0.039737
 0.162000,0.005360
 0.164000,-0.006933
 0.166000,0.013651
 0.168000,-0.019868
 0.170000,-0.041738
 0.172000,0.023656
 0.174000,-0.052601
 0.176000,0.033376
 0.178000,-0.060177
 0.180000,-0.104631
 0.182000,0.033162
 0.184000,0.074543
 0.186000,0.037593
 0.188000,0.057176
 0.190000,-0.020726
 0.192000,-0.024871
 0.194000,0.021798
 0.196000,0.050172
 0.198000,0.014222
 0.200000,0.015509

 0.000100,0.000000
 0.002000,0.000000
 0.004000,0.000000
 0.006000,0.000000
 0.008000,0.000000
 0.010000,0.000000
 0.012000,0.000000
 0.014000,0.000000
 0.016000,0.002222
 0.018000,0.000000
 0.020000,0.000000
 0.022000,0.000000
 0.024000,-0.002222
 0.026000,0.000000
 0.028000,0.004444
 0.030000,-0.006667
 0.032000,-0.004444
 0.034000,0.997778
 0.036000,0.997778
 0.038000,0.995556
 0.040000,0.995556
 0.042000,0.995556
 0.044000,0.995556
 0.046000,0.993333
 0.048000,0.993333
 0.050000,0.988889
 0.052000,0.986667
 0.054000,0.986667
 0.056000,0.980000
 0.058000,0.964444
 0.060000,0.953333
 0.062000,0.948889
 0.064000,0.937778
 0.066000,0.928889
 0.068000,0.922222
 0.070000,0.920000
 0.072000,0.917778
 0.074000,0.911111
 0.076000,0.897778
 0.078000,0.888889
 0.080000,0.884444
 0.082000,0.866667
 0.084000,0.857778
 0.086000,0.846667
 0.088000,0.831111
 0.090000,0.811111
 0.092000,0.788889
 0.094000,0.788889
 0.096000,0.764444
 0.098000,0.755556
 0.100000,0.740000
 0.102000,0.726667
 0.104000,0.711111
 0.106000,-0.675556
 0.108000,0.646667
 0.110000,0.602222
 0.112000,0.533333
 0.114000,-0.506667
 0.116000,0.448889
 0.118000,-0.144444
 0.120000,0.124444
 0.122000,0.300000
 0.124000,0.262222
 0.126000,-0.231111
 0.128000,0.264444
 0.130000,0.035556
 0.132000,0.057778
 0.134000,0.028889
 0.136000,0.088889
 0.138000,-0.095556
 0.140000,0.057778
 0.142000,0.024444
 0.144000,-0.024444
 0.146000,-0.044444
 0.148000,0.077778
 0.150000,-0.011111
 0.152000,-0.057778
 0.154000,0.115556
 0.156000,0.113333
 0.158000,-0.013333
 0.160000,-0.046667
 0.162000,-0.008889
 0.164000,-0.115556
 0.166000,0.031111
 0.168000,-0.040000
 0.170000,-0.097778
 0.172000,0.031111
 0.174000,0.024444
 0.176000,-0.028889
 0.178000,-0.055556
 0.180000,0.073333
 0.182000,-0.133333
 0.184000,-0.020000
 0.186000,-0.024444
 0.188000,0.000000
 0.190000,-0.008889
 0.192000,0.048889
 0.194000,0.048889
 0.196000,-0.017778
 0.198000,-0.037778
 0.200000,-0.026667

 0.000100,0.000000
 0.002000,0.000000
 0.004000,0.000000
 0.006000,0.000000
 0.008000,0.000000
 0.010000,0.000000
 0.012000,0.000000
 0.014000,0.000000
 0.016000,-0.002222
 0.018000,0.000000
 0.020000,0.000000
 0.022000,0.000000
 0.024000,0.002222
 0.026000,0.000000
 0.028000,-0.004444
 0.030000,0.006667
 0.032000,0.004444
 0.034000,-0.997778
 0.036000,-0.997778
 0.038000,-0.995556
 0.040000,-0.995556
 0.042000,-0.995556
 0.044000,-0.995556
 0.046000,-0.993333
 0.048000,-0.993333
 0.050000,-0.988889
 0.052000,-0.986667
 0.054000,-0.986667
 0.056000,-0.980000
 0.058000,-0.964444
 0.060000,-0.953333
 0.062000,-0.948889
 0.064000,-0.937778
 0.066000,-0.928889
 0.068000,-0.922222
 0.070000,-0.920000
 0.072000,-0.917778
 0.074000,-0.911111
 0.076000,-0.897778
 0.078000,-0.888889
 0.080000,-0.884444
 0.082000,-0.866667
 0.084000,-0.857778
 0.086000,-0.846667
 0.088000,-0.831111
 0.090000,-0.811111
 0.092000,-0.788889
 0.094000,-0.788889
 0.096000,-0.764444
 0.098000,-0.755556
 0.100000,-0.740000
 0.102000,-0.726667
 0.104000,-0.711111
 0.106000,0.675556
 0.108000,-0.646667
 0.110000,-0.602222
 0.112000,-0.533333
 0.114000,0.506667
 0.116000,-0.448889
 0.118000,0.144444
 0.120000,-0.124444
 0.122000,-0.300000
 0.124000,-0.262222
 0.126000,0.231111
 0.128000,-0.264444
 0.130000,-0.035556
 0.132000,-0.057778
 0.134000,-0.028889
 0.136000,-0.088889
 0.138000,0.095556
 0.140000,-0.057778
 0.142000,-0.024444
 0.144000,0.024444
 0.146000,0.044444
 0.148000,-0.077778
 0.150000,0.011111
 0.152000,0.057778
 0.154000,-0.115556
 0.156000,-0.113333
 0.158000,0.013333
 0.160000,0.046667
 0.162000,0.008889
 0.164000,0.115556
 0.166000,-0.031111
 0.168000,0.040000
 0.170000,0.097778
 0.172000,-0.031111
 0.174000,-0.024444
 0.176000,0.028889
 0.178000,0.055556
 0.180000,-0.073333
 0.182000,0.133333
 0.184000,0.020000
 0.186000,0.024444
 0.188000,0.000000
 0.190000,0.008889
 0.192000,-0.048889
 0.194000,-0.048889
 0.196000,0.017778
 0.198000,0.037778
 0.200000,0.026667

 0.000100,-1.000000
 0.002000,-1.000000
 0.004000,-1.000000
 0.006000,-1.000000
 0.008000,-1.000000
 0.010000,-1.000000
 0.012000,-1.000000
 0.014000,-1.000000
 0.016000,-0.998428
 0.018000,-0.996855
 0.020000,-0.996855
 0.022000,-0.996855
 0.024000,-0.995283
 0.026000,-0.993711
 0.028000,-0.990566
 0.030000,-0.976415
 0.032000,-0.971698
 0.034000,-0.001572
 0.036000,-0.001572
 0.038000,-0.000000
 0.040000,-0.000000
 0.042000,-0.000000
 0.044000,-0.000000
 0.046000,0.001572
 0.048000,0.001572
 0.050000,-0.003788
 0.052000,-0.000000
 0.054000,-0.000000
 0.056000,-0.009148
 0.058000,-0.007576
 0.060000,-0.000643
 0.062000,-0.000643
 0.064000,-0.007576
 0.066000,-0.016081
 0.068000,-0.010077
 0.070000,-0.008505
 0.072000,-0.010077
 0.074000,-0.006289
 0.076000,-0.002216
 0.078000,0.000929
 0.080000,-0.001286
 0.082000,0.014794
 0.084000,0.017939
 0.086000,0.016366
 0.088000,0.017939
 0.090000,0.018582
 0.092000,0.039094
 0.094000,0.035949
 0.096000,0.033090
 0.098000,0.046026
 0.100000,0.052959
 0.102000,0.038165
 0.104000,0.031232
 0.106000,-0.047313
 0.108000,0.070326
 0.110000,0.088622
 0.112000,0.151372
 0.114000,-0.147870
 0.116000,0.224200
 0.118000,0.012650
 0.120000,0.011078
 0.122000,0.140009
 0.124000,0.116638
 0.126000,-0.149157
 0.128000,0.119497
 0.130000,0.008505
 0.132000,0.094268
 0.134000,0.051672
 0.136000,0.041023
 0.138000,-0.048528
 0.140000,0.011292
 0.142000,-0.072184
 0.144000,-0.001215
 0.146000,0.040309
 0.148000,0.136507
 0.150000,-0.023728
 0.152000,0.072113
 0.154000,0.045312
 0.156000,0.027087
 0.158000,0.051029
 0.160000,0.037093
 0.162000,0.019797
 0.164000,0.050457
 0.166000,-0.010935
 0.168000,0.000929
 0.170000,-0.014222
 0.172000,0.025157
 0.174000,-0.003573
 0.176000,0.119140
 0.178000,0.070326
 0.180000,-0.020226
 0.182000,0.006647
 0.184000,0.021727
 0.186000,0.020440
 0.188000,0.040666
 0.190000,0.041023
 0.192000,0.047313
 0.194000,0.049171
 0.196000,0.051387
 0.198000,0.087550
 0.200000,0.064680

 0.000100,1.000000
 0.002000,1.000000
 0.004000,1.000000
 0.006000,1.000000
 0.008000,1.000000
 0.010000,1.000000
 0.012000,1.000000
 0.014000,1.000000
 0.016000,0.998428
 0.018000,0.996855
 0.020000,0.996855
 0.022000,0.996855
 0.024000,0.995283
 0.026000,0.993711
 0.028000,0.990566
 0.030000,0.976415
 0.032000,0.971698
 0.034000,0.001572
 0.036000,0.001572
 0.038000,-0.000000
 0.040000,-0.000000
 0.042000,-0.000000
 0.044000,-0.000000
 0.046000,-0.001572
 0.048000,-0.001572
 0.050000,0.003788
 0.052000,-0.000000
 0.054000,-0.000000
 0.056000,0.009148
 0.058000,0.007576
 0.060000,0.000643
 0.062000,0.000643
 0.064000,0.007576
 0.066000,0.016081
 0.068000,0.010077
 0.070000,0.008505
 0.072000,0.010077
 0.074000,0.006289
 0.076000,0.002216
 0.078000,-0.000929
 0.080000,0.001286
 0.082000,-0.014794
 0.084000,-0.017939
 0.086000,-0.016366
 0.088000,-0.017939
 0.090000,-0.018582
 0.092000,-0.039094
 0.094000,-0.035949
 0.096000,-0.033090
 0.098000,-0.046026
 0.100000,-0.052959
 0.102000,-0.038165
 0.104000,-0.031232
 0.106000,0.047313
 0.108000,-0.070326
 0.110000,-0.088622
 0.112000,-0.151372
 0.114000,0.147870
 0.116000,-0.224200
 0.118000,-0.012650
 0.120000,-0.011078
 0.122000,-0.140009
 0.124000,-0.116638
 0.126000,0.149157
 0.128000,-0.119497
 0.130000,-0.008505
 0.132000,-0.094268
 0.134000,-0.051672
 0.136000,-0.041023
 0.138000,0.048528
 0.140000,-0.011292
 0.142000,0.072184
 0.144000,0.001215
 0.146000,-0.040309
 0.148000,-0.136507
 0.150000,0.023728
 0.152000,-0.072113
 0.154000,-0.045312
 0.156000,-0.027087
 0.158000,-0.051029
 0.160000,-0.037093
 0.162000,-0.019797
 0.164000,-0.050457
 0.166000,0.010935
 0.168000,-0.000929
 0.170000,0.014222
 0.172000,-0.025157
 0.174000,0.003573
 0.176000,-0.119140
 0.178000,-0.070326
 0.180000,0.020226
 0.182000,-0.006647
 0.184000,-0.021727
 0.186000,-0.020440
 0.188000,-0.040666
 0.190000,-0.041023
 0.192000,-0.047313
 0.194000,-0.049171
 0.196000,-0.051387
 0.198000,-0.087550
 0.200000,-0.064680

