111111111111111111111111111111
111111111111111111111111111111
111111111111111111111111111111
111111111111000000111111111111
111111111100000000001111111111
111111110000000000000011111111
111111100001111111100001111111
111111000111111111111000111111
111110001111100001111100011111
111110011110000000011110011111
111100011100000000001110001111
111100111000111111000111001111
111000111001111111100111000111
111000110001110011100011000111
111000110001100001100011000111
111000110001100001100011000111
111000110001110011100011000111
111000111001111111100111000111
111100111000111111000111001111
111100011100000000001110001111
111110011110000000011110011111
111110001111100001111100011111
111111000111111111111000111111
111111100001111111100001111111
111111110000000000000011111111
111111111100000000001111111111
111111111111000000111111111111
111111111111111111111111111111
111111111111111111111111111111
111111111111111111111111111111
