000111100011100001110001111000
000111100011100001110001111000
000111100011100001110001111000
111000011100011110001110000111
111000011100011110001110000111
111000011100011110001110000111
000111100011100001110001111000
000111100011100001110001111000
000111100011100001110001111000
111000011100011110001110000111
111000011100011110001110000111
111000011100011110001110000111
000111100011100001110001111000
000111100011100001110001111000
000111100011100001110001111000
111000011100011110001110000111
111000011100011110001110000111
111000011100011110001110000111
000111100011100001110001111000
000111100011100001110001111000
000111100011100001110001111000
111000011100011110001110000111
111000011100011110001110000111
111000011100011110001110000111
000111100011100001110001111000
000111100011100001110001111000
000111100011100001110001111000
111000011100011110001110000111
111000011100011110001110000111
111000011100011110001110000111

