000000000000000000000000000000
000000000000000000000000000000
000000000000000000000000000000
000000000000000000000000000000
000000000000000000000000000000
000000000000000000000000000000
000000000000000000000000000000
000000000001111111100000000000
000000000011111111100000000000
000000000011000000000000000000
000000000011000000000000000000
000000000011000000000000000000
000000000010000000000000000000
000000000010111110000000000000
000000000011111111000000000000
000000000010000011100000000000
000000000000000001100000000000
000000000000000001110000000000
000000000000000001110000000000
000000000110000001110000000000
000000000110000001100000000000
000000000110000011100000000000
000000000110000111000000000000
000000000001111100000000000000
000000000000000000000000000000
000000000000000000000000000000
000000000000000000000000000000
000000000000000000000000000000
000000000000000000000000000000
000000000000000000000000000000