000000000000000000000000000000
000000000000111111100000000000
000000000011111111111000000000
000000000111110001111100000000
000000001111100001111110000000
000000001111100000111110000000
000000011111100000111111000000
000000011111100000111111000000
000000011111100000111111000000
000000011111100000111111000000
000000001111100000111110000000
000000001111100000111110000000
000000000111110001111100000000
000000000011111111111000000000
000000000011111111111000000000
000000000111110001111100000000
000000001111100000111110000000
000000011111100000111111000000
000000011111000000111111000000
000000011111000000011111000000
000000011111000000011111000000
000000011111000000011111000000
000000011111000000011111000000
000000011111000000111111000000
000000011111100000111111000000
000000001111100000111110000000
000000001111110011111100000000
000000000011111111111000000000
000000000000011111000000000000
000000000000000000000000000000


