000000000000000000000000000000
000000000011111111110000000000
000000111111111111111000000000
000000111110011110111111000000
000011110000011110000011100000
000011110000011110000011100000
000111110001111111000011111000
001111110001111111100011111000
001100111111111111111111011000
001100111111111111111110011100
011100001110000000111100011110
011000001100000000001100000110
011000001100000000001100000110
011000001100000000001100000110
011000001100000000001100000110
011000111100000000001111000110
011000111100000000001111000110
011111111110000000111111111110
011111111111111111111111111110
011111111111111111111111111110
011111110001100011000011111110
011111110001100001000011111110
000111000001100001000000111000
000111000000100001000000111000
000011000000000000000000100000
000011100000000000000011100000
000011110000000000000011100000
000000111111111111111111000000
000000111111111111111111000000
000000000000000000000000000000
